111
-0.06 0.1 2.555
597 213
-0.09 0.075 2.535
588 206
-0.09 0.075 2.535
588 206
-0.09 0.075 2.535
588 206
-0.065 0.02 2.555
596 191
-0.15 0.095 2.53
571 212
-0.065 0.055 2.555
596 201
-0.09 0.075 2.535
588 206
-0.035 0.085 2.555
604 209
-0.175 0.005 2.32
560 187
-0.09 0.075 2.535
588 206
-0.09 0.075 2.535
588 206
-0.065 0.055 2.555
596 201
-0.15 0.095 2.53
571 212
-0.09 0.075 2.535
588 206
-0.09 0.075 2.535
588 206
-0.025 0.03 2.555
607 194
-0.09 0.075 2.535
588 206
-0.11 0.09 2.53
583 211
-0.09 0.075 2.535
588 206
-0.065 0.055 2.555
596 201
-0.04 0 2.495
602 185
-0.23 0.115 2.555
549 217
-0.06 0.1 2.555
597 213
-0.025 0.03 2.555
607 194
-0.025 0.03 2.555
607 194
-0.245 0.035 2.555
545 195
-0.13 0.055 2.545
577 201
-0.11 0.09 2.53
583 211
-0.06 0.1 2.555
597 213
-0.175 0.005 2.32
560 187
-0.175 0.005 2.32
560 187
-0.045 0.01 2.555
601 188
-0.11 0.09 2.53
583 211
-0.05 0.025 2.555
600 192
-0.035 0.085 2.555
604 209
-0.065 0.055 2.555
596 201
-0.09 0.075 2.535
588 206
-0.09 0.075 2.535
588 206
-0.095 0.08 2.555
587 208
-0.095 0.08 2.555
587 208
-0.2 -0.005 2.49
556 183
-0.13 0.055 2.545
577 201
-0.175 0.005 2.32
560 187
-0.09 0.075 2.535
588 206
-0.09 0.075 2.535
588 206
-0.13 0.055 2.545
577 201
-0.11 0.09 2.53
583 211
-0.11 0.09 2.53
583 211
-0.065 0.055 2.555
596 201
-0.09 0.075 2.535
588 206
-0.15 0.095 2.53
571 212
-0.09 0.075 2.535
588 206
-0.09 0.075 2.535
588 206
-0.09 0.075 2.535
588 206
-0.15 0.095 2.53
571 212
-0.15 0.095 2.53
571 212
-0.245 0.035 2.555
545 195
-0.11 0.09 2.53
583 211
-0.13 0.055 2.545
577 201
-0.065 0.17 2.555
596 233
-0.06 0.1 2.555
597 213
-0.06 0.1 2.555
597 213
-0.04 0 2.495
602 185
-0.065 0.02 2.555
596 191
-0.06 0.1 2.555
597 213
-0.065 0.17 2.555
596 233
-0.06 0.1 2.555
597 213
-0.06 0.1 2.555
597 213
-0.13 0.055 2.545
577 201
-0.09 0.075 2.535
588 206
-0.23 0.115 2.555
549 217
-0.15 0.095 2.53
571 212
-0.2 0.14 2.555
558 224
-0.06 0.1 2.555
597 213
-0.15 -0.015 2.39
569 180
-0.105 -0.015 2.355
582 180
-0.09 -0.015 2.525
588 181
-0.06 0.1 2.555
597 213
-0.13 0.055 2.545
577 201
-0.025 0.03 2.555
607 194
-0.025 0.03 2.555
607 194
-0.245 0.035 2.555
545 195
-0.13 0.055 2.545
577 201
-0.035 0.085 2.555
604 209
-0.11 0.09 2.53
583 211
-0.11 0.09 2.53
583 211
-0.15 0.095 2.53
571 212
-0.06 0.1 2.555
597 213
-0.13 0.055 2.545
577 201
-0.06 0.1 2.555
597 213
-0.185 0.1 2.555
562 213
-0.175 0.005 2.32
560 187
-0.13 0.055 2.545
577 201
-0.2 -0.005 2.49
556 183
-0.03 0.1 2.525
605 214
-0.23 0.115 2.555
549 217
-0.06 0.1 2.555
597 213
-0.04 0.04 2.505
602 197
-0.06 0.1 2.555
597 213
-0.095 0.08 2.555
587 208
-0.06 0.1 2.555
597 213
-0.09 0.075 2.535
588 206
-0.075 0.09 2.51
592 211
-0.185 0.1 2.555
562 213
-0.11 0.09 2.53
583 211
-0.04 0.04 2.505
602 197
-0.085 0.145 2.555
590 226
-0.2 0.14 2.555
558 224
-0.2 0.14 2.555
558 224
-0.14 0.08 2.545
575 208
111
-0.06 0.1 2.555
597 213
-0.09 0.075 2.535
588 206
-0.09 0.075 2.535
588 206
-0.09 0.075 2.535
588 206
-0.065 0.02 2.555
596 191
-0.15 0.095 2.53
571 212
-0.065 0.055 2.555
596 201
-0.09 0.075 2.535
588 206
-0.035 0.085 2.555
604 209
-0.175 0.005 2.32
560 187
-0.09 0.075 2.535
588 206
-0.09 0.075 2.535
588 206
-0.065 0.055 2.555
596 201
-0.15 0.095 2.53
571 212
-0.09 0.075 2.535
588 206
-0.09 0.075 2.535
588 206
-0.025 0.03 2.555
607 194
-0.09 0.075 2.535
588 206
-0.11 0.09 2.53
583 211
-0.09 0.075 2.535
588 206
-0.065 0.055 2.555
596 201
-0.04 0 2.495
602 185
-0.23 0.115 2.555
549 217
-0.06 0.1 2.555
597 213
-0.025 0.03 2.555
607 194
-0.025 0.03 2.555
607 194
-0.245 0.035 2.555
545 195
-0.13 0.055 2.545
577 201
-0.11 0.09 2.53
583 211
-0.06 0.1 2.555
597 213
-0.175 0.005 2.32
560 187
-0.175 0.005 2.32
560 187
-0.045 0.01 2.555
601 188
-0.11 0.09 2.53
583 211
-0.05 0.025 2.555
600 192
-0.035 0.085 2.555
604 209
-0.065 0.055 2.555
596 201
-0.09 0.075 2.535
588 206
-0.09 0.075 2.535
588 206
-0.095 0.08 2.555
587 208
-0.095 0.08 2.555
587 208
-0.2 -0.005 2.49
556 183
-0.13 0.055 2.545
577 201
-0.175 0.005 2.32
560 187
-0.09 0.075 2.535
588 206
-0.09 0.075 2.535
588 206
-0.13 0.055 2.545
577 201
-0.11 0.09 2.53
583 211
-0.11 0.09 2.53
583 211
-0.065 0.055 2.555
596 201
-0.09 0.075 2.535
588 206
-0.15 0.095 2.53
571 212
-0.09 0.075 2.535
588 206
-0.09 0.075 2.535
588 206
-0.09 0.075 2.535
588 206
-0.15 0.095 2.53
571 212
-0.15 0.095 2.53
571 212
-0.245 0.035 2.555
545 195
-0.11 0.09 2.53
583 211
-0.13 0.055 2.545
577 201
-0.065 0.17 2.555
596 233
-0.06 0.1 2.555
597 213
-0.06 0.1 2.555
597 213
-0.04 0 2.495
602 185
-0.065 0.02 2.555
596 191
-0.06 0.1 2.555
597 213
-0.065 0.17 2.555
596 233
-0.06 0.1 2.555
597 213
-0.06 0.1 2.555
597 213
-0.13 0.055 2.545
577 201
-0.09 0.075 2.535
588 206
-0.23 0.115 2.555
549 217
-0.15 0.095 2.53
571 212
-0.2 0.14 2.555
558 224
-0.06 0.1 2.555
597 213
-0.15 -0.015 2.39
569 180
-0.105 -0.015 2.355
582 180
-0.09 -0.015 2.525
588 181
-0.06 0.1 2.555
597 213
-0.13 0.055 2.545
577 201
-0.025 0.03 2.555
607 194
-0.025 0.03 2.555
607 194
-0.245 0.035 2.555
545 195
-0.13 0.055 2.545
577 201
-0.035 0.085 2.555
604 209
-0.11 0.09 2.53
583 211
-0.11 0.09 2.53
583 211
-0.15 0.095 2.53
571 212
-0.06 0.1 2.555
597 213
-0.13 0.055 2.545
577 201
-0.06 0.1 2.555
597 213
-0.185 0.1 2.555
562 213
-0.175 0.005 2.32
560 187
-0.13 0.055 2.545
577 201
-0.2 -0.005 2.49
556 183
-0.03 0.1 2.525
605 214
-0.23 0.115 2.555
549 217
-0.06 0.1 2.555
597 213
-0.04 0.04 2.505
602 197
-0.06 0.1 2.555
597 213
-0.095 0.08 2.555
587 208
-0.06 0.1 2.555
597 213
-0.09 0.075 2.535
588 206
-0.075 0.09 2.51
592 211
-0.185 0.1 2.555
562 213
-0.11 0.09 2.53
583 211
-0.04 0.04 2.505
602 197
-0.085 0.145 2.555
590 226
-0.2 0.14 2.555
558 224
-0.2 0.14 2.555
558 224
-0.14 0.08 2.545
575 208
