111
-0.06 0.1 2.555
861 3
-0.09 0.075 2.535
1068 4
-0.09 0.075 2.535
1119 19
-0.09 0.075 2.535
943 24
-0.065 0.02 2.555
1015 30
-0.15 0.095 2.53
963 44
-0.065 0.055 2.555
1030 48
-0.09 0.075 2.535
843 67
-0.035 0.085 2.555
748 72
-0.175 0.005 2.32
760 73
-0.09 0.075 2.535
748 75
-0.09 0.075 2.535
906 77
-0.065 0.055 2.555
1176 77
-0.15 0.095 2.53
1083 82
-0.09 0.075 2.535
667 104
-0.09 0.075 2.535
20 115
-0.025 0.03 2.555
62 121
-0.09 0.075 2.535
1173 126
-0.11 0.09 2.53
732 127
-0.09 0.075 2.535
1199 142
-0.065 0.055 2.555
785 143
-0.04 0 2.495
787 145
-0.23 0.115 2.555
448 151
-0.06 0.1 2.555
737 169
-0.025 0.03 2.555
99 173
-0.025 0.03 2.555
99 173
-0.245 0.035 2.555
182 173
-0.13 0.055 2.545
581 173
-0.11 0.09 2.53
954 175
-0.06 0.1 2.555
297 187
-0.175 0.005 2.32
560 187
-0.175 0.005 2.32
560 187
-0.045 0.01 2.555
601 188
-0.11 0.09 2.53
156 191
-0.05 0.025 2.555
600 192
-0.035 0.085 2.555
355 199
-0.065 0.055 2.555
596 201
-0.09 0.075 2.535
588 206
-0.09 0.075 2.535
588 206
-0.095 0.08 2.555
587 208
-0.095 0.08 2.555
587 208
-0.2 -0.005 2.49
686 241
-0.13 0.055 2.545
1062 244
-0.175 0.005 2.32
798 250
-0.09 0.075 2.535
1023 340
-0.09 0.075 2.535
792 355
-0.13 0.055 2.545
723 358
-0.11 0.09 2.53
933 369
-0.11 0.09 2.53
948 3
-0.065 0.055 2.555
1118 26
-0.09 0.075 2.535
1053 33
-0.15 0.095 2.53
1183 55
-0.09 0.075 2.535
68 75
-0.09 0.075 2.535
730 79
-0.09 0.075 2.535
730 79
-0.15 0.095 2.53
810 89
-0.15 0.095 2.53
931 90
-0.245 0.035 2.555
211 130
-0.11 0.09 2.53
424 135
-0.13 0.055 2.545
1212 160
-0.065 0.17 2.555
169 170
-0.06 0.1 2.555
1114 175
-0.06 0.1 2.555
507 181
-0.04 0 2.495
602 185
-0.065 0.02 2.555
596 191
-0.06 0.1 2.555
597 213
-0.065 0.17 2.555
596 233
-0.06 0.1 2.555
764 263
-0.06 0.1 2.555
810 304
-0.13 0.055 2.545
817 327
-0.09 0.075 2.535
889 333
-0.23 0.115 2.555
799 37
-0.15 0.095 2.53
412 131
-0.2 0.14 2.555
383 141
-0.06 0.1 2.555
1111 147
-0.15 -0.015 2.39
569 180
-0.105 -0.015 2.355
582 180
-0.09 -0.015 2.525
588 181
-0.06 0.1 2.555
859 182
-0.13 0.055 2.545
331 185
-0.025 0.03 2.555
607 194
-0.025 0.03 2.555
607 194
-0.245 0.035 2.555
545 195
-0.13 0.055 2.545
577 201
-0.035 0.085 2.555
604 209
-0.11 0.09 2.53
583 211
-0.11 0.09 2.53
583 211
-0.15 0.095 2.53
571 212
-0.06 0.1 2.555
726 222
-0.13 0.055 2.545
87 120
-0.06 0.1 2.555
875 143
-0.185 0.1 2.555
771 151
-0.175 0.005 2.32
61 158
-0.13 0.055 2.545
61 158
-0.2 -0.005 2.49
556 183
-0.03 0.1 2.525
605 214
-0.23 0.115 2.555
549 217
-0.06 0.1 2.555
726 222
-0.04 0.04 2.505
936 354
-0.06 0.1 2.555
758 143
-0.095 0.08 2.555
1101 165
-0.06 0.1 2.555
951 25
-0.09 0.075 2.535
854 185
-0.075 0.09 2.51
592 211
-0.185 0.1 2.555
562 213
-0.11 0.09 2.53
729 257
-0.04 0.04 2.505
602 197
-0.085 0.145 2.555
590 226
-0.2 0.14 2.555
558 224
-0.2 0.14 2.555
558 224
-0.14 0.08 2.545
575 208
111
-0.06 0.1 2.555
861 3
-0.09 0.075 2.535
1068 4
-0.09 0.075 2.535
1119 19
-0.09 0.075 2.535
943 24
-0.065 0.02 2.555
1015 30
-0.15 0.095 2.53
963 44
-0.065 0.055 2.555
1030 48
-0.09 0.075 2.535
843 67
-0.035 0.085 2.555
748 72
-0.175 0.005 2.32
760 73
-0.09 0.075 2.535
748 75
-0.09 0.075 2.535
906 77
-0.065 0.055 2.555
1176 77
-0.15 0.095 2.53
1083 82
-0.09 0.075 2.535
667 104
-0.09 0.075 2.535
20 115
-0.025 0.03 2.555
62 121
-0.09 0.075 2.535
1173 126
-0.11 0.09 2.53
732 127
-0.09 0.075 2.535
1199 142
-0.065 0.055 2.555
785 143
-0.04 0 2.495
787 145
-0.23 0.115 2.555
448 151
-0.06 0.1 2.555
737 169
-0.025 0.03 2.555
99 173
-0.025 0.03 2.555
99 173
-0.245 0.035 2.555
182 173
-0.13 0.055 2.545
581 173
-0.11 0.09 2.53
954 175
-0.06 0.1 2.555
297 187
-0.175 0.005 2.32
560 187
-0.175 0.005 2.32
560 187
-0.045 0.01 2.555
601 188
-0.11 0.09 2.53
156 191
-0.05 0.025 2.555
600 192
-0.035 0.085 2.555
355 199
-0.065 0.055 2.555
596 201
-0.09 0.075 2.535
588 206
-0.09 0.075 2.535
588 206
-0.095 0.08 2.555
587 208
-0.095 0.08 2.555
587 208
-0.2 -0.005 2.49
686 241
-0.13 0.055 2.545
1062 244
-0.175 0.005 2.32
798 250
-0.09 0.075 2.535
1023 340
-0.09 0.075 2.535
792 355
-0.13 0.055 2.545
723 358
-0.11 0.09 2.53
933 369
-0.11 0.09 2.53
948 3
-0.065 0.055 2.555
1118 26
-0.09 0.075 2.535
1053 33
-0.15 0.095 2.53
1183 55
-0.09 0.075 2.535
68 75
-0.09 0.075 2.535
730 79
-0.09 0.075 2.535
730 79
-0.15 0.095 2.53
810 89
-0.15 0.095 2.53
931 90
-0.245 0.035 2.555
211 130
-0.11 0.09 2.53
424 135
-0.13 0.055 2.545
1212 160
-0.065 0.17 2.555
169 170
-0.06 0.1 2.555
1114 175
-0.06 0.1 2.555
507 181
-0.04 0 2.495
602 185
-0.065 0.02 2.555
596 191
-0.06 0.1 2.555
597 213
-0.065 0.17 2.555
596 233
-0.06 0.1 2.555
764 263
-0.06 0.1 2.555
810 304
-0.13 0.055 2.545
817 327
-0.09 0.075 2.535
889 333
-0.23 0.115 2.555
799 37
-0.15 0.095 2.53
412 131
-0.2 0.14 2.555
383 141
-0.06 0.1 2.555
1111 147
-0.15 -0.015 2.39
569 180
-0.105 -0.015 2.355
582 180
-0.09 -0.015 2.525
588 181
-0.06 0.1 2.555
859 182
-0.13 0.055 2.545
331 185
-0.025 0.03 2.555
607 194
-0.025 0.03 2.555
607 194
-0.245 0.035 2.555
545 195
-0.13 0.055 2.545
577 201
-0.035 0.085 2.555
604 209
-0.11 0.09 2.53
583 211
-0.11 0.09 2.53
583 211
-0.15 0.095 2.53
571 212
-0.06 0.1 2.555
726 222
-0.13 0.055 2.545
87 120
-0.06 0.1 2.555
875 143
-0.185 0.1 2.555
771 151
-0.175 0.005 2.32
61 158
-0.13 0.055 2.545
61 158
-0.2 -0.005 2.49
556 183
-0.03 0.1 2.525
605 214
-0.23 0.115 2.555
549 217
-0.06 0.1 2.555
726 222
-0.04 0.04 2.505
936 354
-0.06 0.1 2.555
758 143
-0.095 0.08 2.555
1101 165
-0.06 0.1 2.555
951 25
-0.09 0.075 2.535
854 185
-0.075 0.09 2.51
592 211
-0.185 0.1 2.555
562 213
-0.11 0.09 2.53
729 257
-0.04 0.04 2.505
602 197
-0.085 0.145 2.555
590 226
-0.2 0.14 2.555
558 224
-0.2 0.14 2.555
558 224
-0.14 0.08 2.545
575 208
